
******************************** Grid ********************************
Simulation Box:
  Type = parallelepiped
  Lengths [A] = (   3.867,   3.867,   3.867)
  Octopus will run in 3 dimension(s).
  Octopus will treat the system as periodic in 3 dimension(s).

  Lattice Vectors [A]
    3.866975    0.000000    0.000000
    1.933488    3.348899    0.000000
    1.933488    1.116300    3.157372
  Cell volume =            40.8883 [A^3]
  Reciprocal-Lattice Vectors [A^-1]
    1.624832   -0.938097   -0.663335
    0.000000    1.876195   -0.663335
    0.000000    0.000000    1.990005
Main mesh:
  Spacing [A] = ( 0.138, 0.138, 0.138)    volume/point [A^3] =      0.00186
  # inner mesh =      21952
  # total mesh =      44192
  Grid Cutoff [eV] =  1971.496337    Grid Cutoff [Ry] =   144.902321
**********************************************************************


***************************** Symmetries *****************************
Space group No.  227
International: Fd-3m
Schoenflies: Oh^7
  Index                Rotation matrix                      Fractional translations
    1 :     1   0   0     0   1   0     0   0   1      0.000000    0.000000    0.000000
    2 :     0  -1   1     0  -1   0     1  -1   0      0.000000    0.000000    0.000000
    3 :    -1   0   0    -1   0   1    -1   1   0      0.000000   -0.000000    0.000000
    4 :     0   1  -1     1   0  -1     0   0  -1     -0.000000   -0.000000    0.000000
    5 :    -1   1   0    -1   0   0    -1   0   1      0.000000    0.000000    0.000000
    6 :     0   0   1     1   0   0     0   1   0      0.000000   -0.000000    0.000000
    7 :     1  -1   0     0  -1   1     0  -1   0      0.000000   -0.000000    0.000000
    8 :     0   0  -1     0   1  -1     1   0  -1      0.000000   -0.000000    0.000000
    9 :     0  -1   0     1  -1   0     0  -1   1      0.000000    0.000000    0.000000
   10 :    -1   0   1    -1   1   0    -1   0   0      0.000000   -0.000000    0.000000
   11 :     0   1   0     0   0   1     1   0   0      0.000000   -0.000000    0.000000
   12 :     1   0  -1     0   0  -1     0   1  -1      0.000000   -0.000000    0.000000
   13 :     0   0  -1     1   0  -1     0   1  -1      0.000000   -0.000000    0.000000
   14 :    -1   1   0    -1   0   1    -1   0   0      0.000000   -0.000000    0.000000
   15 :     1  -1   0     0  -1   0     0  -1   1     -0.000000    0.000000    0.000000
   16 :     0   0   1     0   1   0     1   0   0      0.000000    0.000000    0.000000
   17 :     1   0  -1     0   1  -1     0   0  -1      0.000000   -0.000000    0.000000
   18 :     0  -1   0     0  -1   1     1  -1   0      0.000000    0.000000    0.000000
   19 :     0   1   0     1   0   0     0   0   1      0.000000    0.000000    0.000000
   20 :    -1   0   1    -1   0   0    -1   1   0      0.000000   -0.000000    0.000000
   21 :     0   1  -1     0   0  -1     1   0  -1      0.000000   -0.000000    0.000000
   22 :     1   0   0     0   0   1     0   1   0      0.000000   -0.000000    0.000000
   23 :    -1   0   0    -1   1   0    -1   0   1      0.000000    0.000000    0.000000
   24 :     0  -1   1     1  -1   0     0  -1   0      0.000000   -0.000000    0.000000
Info: The system has    24 symmetries that can be used.
**********************************************************************


********************** Brillouin zone sampling ***********************
Dimensions of the k-point grid      =  6  6  6
Total number of k-points            = 216
Number of symmetry-reduced k-points = 216

List of k-points:
      ik         k_x         k_y         k_z      Weight
---------------------------------------------------------
       1      0.0000      0.0000      0.0000      0.0046
       2      0.1667      0.0000      0.0000      0.0046
       3      0.0000      0.1667      0.0000      0.0046
       4     -0.1667      0.0000      0.0000      0.0046
       5      0.0000     -0.1667      0.0000      0.0046
       6      0.0000      0.0000      0.1667      0.0046
       7      0.0000      0.0000     -0.1667      0.0046
       8      0.1667      0.1667      0.0000      0.0046
       9     -0.1667      0.1667      0.0000      0.0046
      10      0.1667     -0.1667      0.0000      0.0046
      11      0.1667      0.0000      0.1667      0.0046
      12     -0.1667      0.0000      0.1667      0.0046
      13     -0.1667     -0.1667      0.0000      0.0046
      14      0.0000      0.1667      0.1667      0.0046
      15      0.0000     -0.1667      0.1667      0.0046
      16      0.1667      0.0000     -0.1667      0.0046
      17     -0.1667      0.0000     -0.1667      0.0046
      18      0.0000      0.1667     -0.1667      0.0046
      19      0.0000     -0.1667     -0.1667      0.0046
      20      0.1667      0.1667      0.1667      0.0046
      21     -0.1667      0.1667      0.1667      0.0046
      22      0.1667     -0.1667      0.1667      0.0046
      23     -0.1667     -0.1667      0.1667      0.0046
      24      0.1667      0.1667     -0.1667      0.0046
      25     -0.1667      0.1667     -0.1667      0.0046
      26      0.1667     -0.1667     -0.1667      0.0046
      27     -0.1667     -0.1667     -0.1667      0.0046
      28      0.3333      0.0000      0.0000      0.0046
      29     -0.3333      0.0000      0.0000      0.0046
      30      0.0000      0.3333      0.0000      0.0046
      31      0.0000     -0.3333      0.0000      0.0046
      32      0.0000      0.0000      0.3333      0.0046
      33      0.0000      0.0000     -0.3333      0.0046
      34      0.3333      0.1667      0.0000      0.0046
      35     -0.3333      0.1667      0.0000      0.0046
      36      0.1667      0.3333      0.0000      0.0046
      37     -0.1667      0.3333      0.0000      0.0046
      38      0.1667     -0.3333      0.0000      0.0046
      39     -0.1667     -0.3333      0.0000      0.0046
      40      0.3333     -0.1667      0.0000      0.0046
      41      0.3333      0.0000      0.1667      0.0046
      42     -0.3333      0.0000      0.1667      0.0046
      43     -0.3333     -0.1667      0.0000      0.0046
      44      0.0000      0.3333      0.1667      0.0046
      45      0.0000     -0.3333      0.1667      0.0046
      46      0.1667      0.0000      0.3333      0.0046
      47     -0.1667      0.0000      0.3333      0.0046
      48      0.0000      0.1667      0.3333      0.0046
      49      0.0000     -0.1667      0.3333      0.0046
      50      0.1667      0.0000     -0.3333      0.0046
      51      0.0000      0.1667     -0.3333      0.0046
      52     -0.1667      0.0000     -0.3333      0.0046
      53      0.0000     -0.1667     -0.3333      0.0046
      54      0.3333      0.0000     -0.1667      0.0046
      55     -0.3333      0.0000     -0.1667      0.0046
      56      0.0000      0.3333     -0.1667      0.0046
      57      0.0000     -0.3333     -0.1667      0.0046
      58      0.3333      0.1667      0.1667      0.0046
      59     -0.3333      0.1667      0.1667      0.0046
      60      0.1667      0.3333      0.1667      0.0046
      61     -0.1667      0.3333      0.1667      0.0046
      62      0.1667     -0.3333      0.1667      0.0046
      63     -0.1667     -0.3333      0.1667      0.0046
      64      0.3333     -0.1667      0.1667      0.0046
      65     -0.3333     -0.1667      0.1667      0.0046
      66      0.1667      0.1667      0.3333      0.0046
      67     -0.1667      0.1667      0.3333      0.0046
      68      0.1667     -0.1667      0.3333      0.0046
      69     -0.1667     -0.1667      0.3333      0.0046
      70      0.1667      0.1667     -0.3333      0.0046
      71     -0.1667      0.1667     -0.3333      0.0046
      72      0.1667     -0.1667     -0.3333      0.0046
      73     -0.1667     -0.1667     -0.3333      0.0046
      74      0.3333      0.1667     -0.1667      0.0046
      75     -0.3333      0.1667     -0.1667      0.0046
      76      0.1667      0.3333     -0.1667      0.0046
      77     -0.1667      0.3333     -0.1667      0.0046
      78      0.1667     -0.3333     -0.1667      0.0046
      79     -0.1667     -0.3333     -0.1667      0.0046
      80      0.3333     -0.1667     -0.1667      0.0046
      81     -0.3333     -0.1667     -0.1667      0.0046
      82      0.3333      0.3333      0.0000      0.0046
      83     -0.3333      0.3333      0.0000      0.0046
      84      0.3333     -0.3333      0.0000      0.0046
      85     -0.3333     -0.3333      0.0000      0.0046
      86      0.3333      0.0000      0.3333      0.0046
      87     -0.3333      0.0000      0.3333      0.0046
      88      0.0000      0.3333      0.3333      0.0046
      89      0.0000     -0.3333      0.3333      0.0046
      90      0.3333      0.0000     -0.3333      0.0046
      91     -0.3333      0.0000     -0.3333      0.0046
      92      0.0000      0.3333     -0.3333      0.0046
      93      0.0000     -0.3333     -0.3333      0.0046
      94      0.5000      0.0000      0.0000      0.0046
      95      0.0000      0.5000      0.0000      0.0046
      96      0.3333      0.3333      0.1667      0.0046
      97     -0.3333      0.3333      0.1667      0.0046
      98      0.3333     -0.3333      0.1667      0.0046
      99     -0.3333     -0.3333      0.1667      0.0046
     100      0.3333      0.1667      0.3333      0.0046
     101     -0.3333      0.1667      0.3333      0.0046
     102      0.1667      0.3333      0.3333      0.0046
     103     -0.1667      0.3333      0.3333      0.0046
     104      0.1667     -0.3333      0.3333      0.0046
     105     -0.1667     -0.3333      0.3333      0.0046
     106      0.0000      0.0000      0.5000      0.0046
     107      0.3333     -0.1667      0.3333      0.0046
     108     -0.3333     -0.1667      0.3333      0.0046
     109      0.3333      0.1667     -0.3333      0.0046
     110     -0.3333      0.1667     -0.3333      0.0046
     111      0.1667      0.3333     -0.3333      0.0046
     112     -0.1667      0.3333     -0.3333      0.0046
     113      0.1667     -0.3333     -0.3333      0.0046
     114     -0.1667     -0.3333     -0.3333      0.0046
     115      0.3333     -0.1667     -0.3333      0.0046
     116     -0.3333     -0.1667     -0.3333      0.0046
     117      0.3333      0.3333     -0.1667      0.0046
     118     -0.3333      0.3333     -0.1667      0.0046
     119      0.3333     -0.3333     -0.1667      0.0046
     120     -0.3333     -0.3333     -0.1667      0.0046
     121      0.5000      0.1667      0.0000      0.0046
     122      0.1667      0.5000      0.0000      0.0046
     123     -0.1667      0.5000      0.0000      0.0046
     124      0.5000     -0.1667      0.0000      0.0046
     125      0.5000      0.0000      0.1667      0.0046
     126      0.0000      0.5000      0.1667      0.0046
     127      0.1667      0.0000      0.5000      0.0046
     128     -0.1667      0.0000      0.5000      0.0046
     129      0.0000      0.1667      0.5000      0.0046
     130      0.0000     -0.1667      0.5000      0.0046
     131      0.5000      0.0000     -0.1667      0.0046
     132      0.0000      0.5000     -0.1667      0.0046
     133      0.5000      0.1667      0.1667      0.0046
     134      0.1667      0.5000      0.1667      0.0046
     135     -0.1667      0.5000      0.1667      0.0046
     136      0.5000     -0.1667      0.1667      0.0046
     137      0.1667      0.1667      0.5000      0.0046
     138     -0.1667      0.1667      0.5000      0.0046
     139      0.1667     -0.1667      0.5000      0.0046
     140     -0.1667     -0.1667      0.5000      0.0046
     141      0.5000      0.1667     -0.1667      0.0046
     142      0.1667      0.5000     -0.1667      0.0046
     143     -0.1667      0.5000     -0.1667      0.0046
     144      0.5000     -0.1667     -0.1667      0.0046
     145      0.3333      0.3333      0.3333      0.0046
     146     -0.3333      0.3333      0.3333      0.0046
     147      0.3333     -0.3333      0.3333      0.0046
     148     -0.3333     -0.3333      0.3333      0.0046
     149      0.3333      0.3333     -0.3333      0.0046
     150     -0.3333      0.3333     -0.3333      0.0046
     151      0.3333     -0.3333     -0.3333      0.0046
     152     -0.3333     -0.3333     -0.3333      0.0046
     153      0.5000      0.3333      0.0000      0.0046
     154      0.3333      0.5000      0.0000      0.0046
     155     -0.3333      0.5000      0.0000      0.0046
     156      0.5000     -0.3333      0.0000      0.0046
     157      0.5000      0.0000      0.3333      0.0046
     158      0.0000      0.5000      0.3333      0.0046
     159      0.3333      0.0000      0.5000      0.0046
     160     -0.3333      0.0000      0.5000      0.0046
     161      0.0000      0.3333      0.5000      0.0046
     162      0.0000     -0.3333      0.5000      0.0046
     163      0.5000      0.0000     -0.3333      0.0046
     164      0.0000      0.5000     -0.3333      0.0046
     165      0.5000      0.3333      0.1667      0.0046
     166      0.3333      0.5000      0.1667      0.0046
     167     -0.3333      0.5000      0.1667      0.0046
     168      0.5000     -0.3333      0.1667      0.0046
     169      0.5000      0.1667      0.3333      0.0046
     170      0.1667      0.5000      0.3333      0.0046
     171     -0.1667      0.5000      0.3333      0.0046
     172      0.5000     -0.1667      0.3333      0.0046
     173      0.3333      0.1667      0.5000      0.0046
     174     -0.3333      0.1667      0.5000      0.0046
     175      0.1667      0.3333      0.5000      0.0046
     176     -0.1667      0.3333      0.5000      0.0046
     177      0.1667     -0.3333      0.5000      0.0046
     178     -0.1667     -0.3333      0.5000      0.0046
     179      0.3333     -0.1667      0.5000      0.0046
     180     -0.3333     -0.1667      0.5000      0.0046
     181      0.5000      0.1667     -0.3333      0.0046
     182      0.1667      0.5000     -0.3333      0.0046
     183     -0.1667      0.5000     -0.3333      0.0046
     184      0.5000     -0.1667     -0.3333      0.0046
     185      0.5000      0.3333     -0.1667      0.0046
     186      0.3333      0.5000     -0.1667      0.0046
     187     -0.3333      0.5000     -0.1667      0.0046
     188      0.5000     -0.3333     -0.1667      0.0046
     189      0.5000      0.3333      0.3333      0.0046
     190      0.3333      0.5000      0.3333      0.0046
     191     -0.3333      0.5000      0.3333      0.0046
     192      0.5000     -0.3333      0.3333      0.0046
     193      0.3333      0.3333      0.5000      0.0046
     194     -0.3333      0.3333      0.5000      0.0046
     195      0.3333     -0.3333      0.5000      0.0046
     196     -0.3333     -0.3333      0.5000      0.0046
     197      0.5000      0.3333     -0.3333      0.0046
     198      0.3333      0.5000     -0.3333      0.0046
     199     -0.3333      0.5000     -0.3333      0.0046
     200      0.5000     -0.3333     -0.3333      0.0046
     201      0.5000      0.5000      0.0000      0.0046
     202      0.5000      0.0000      0.5000      0.0046
     203      0.0000      0.5000      0.5000      0.0046
     204      0.5000      0.5000      0.1667      0.0046
     205      0.5000      0.1667      0.5000      0.0046
     206      0.1667      0.5000      0.5000      0.0046
     207     -0.1667      0.5000      0.5000      0.0046
     208      0.5000     -0.1667      0.5000      0.0046
     209      0.5000      0.5000     -0.1667      0.0046
     210      0.5000      0.5000      0.3333      0.0046
     211      0.5000      0.3333      0.5000      0.0046
     212      0.3333      0.5000      0.5000      0.0046
     213     -0.3333      0.5000      0.5000      0.0046
     214      0.5000     -0.3333      0.5000      0.0046
     215      0.5000      0.5000     -0.3333      0.0046
     216      0.5000      0.5000      0.5000      0.0046

**********************************************************************



**************************** Theory Level ****************************
Input: [TheoryLevel = dft]

Exchange-correlation:
  Exchange
    Perdew, Burke & Ernzerhof (GGA)
    [1] J. P. Perdew, K. Burke, and M. Ernzerhof, Phys. Rev. Lett. 77, 3865 (1996)
    [2] J. P. Perdew, K. Burke, and M. Ernzerhof, Phys. Rev. Lett. 78, 1396 (1997)
  Correlation
    Perdew, Burke & Ernzerhof (GGA)
    [1] J. P. Perdew, K. Burke, and M. Ernzerhof, Phys. Rev. Lett. 77, 3865 (1996)
    [2] J. P. Perdew, K. Burke, and M. Ernzerhof, Phys. Rev. Lett. 78, 1396 (1997)

Input: [SICCorrection = sic_none]
**********************************************************************

SCF converged in   20 iterations

Eigenvalues [eV]
 #st  Spin   Eigenvalue      Occupation
#k =   1, k = (  0.000000,  0.000000,  0.000000)
   1   --    -7.744447       2.000000
   2   --     4.070381       2.000000
   3   --     4.070384       2.000000
   4   --     4.070390       2.000000
#k =   2, k = (  0.166667,  0.000000,  0.000000)
   1   --    -7.389975       2.000000
   2   --     1.706233       2.000000
   3   --     3.631629       2.000000
   4   --     3.631633       2.000000
#k =   3, k = (  0.000000,  0.166667,  0.000000)
   1   --    -7.389975       2.000000
   2   --     1.706234       2.000000
   3   --     3.631630       2.000000
   4   --     3.631631       2.000000
#k =   4, k = ( -0.166667,  0.000000,  0.000000)
   1   --    -7.389975       2.000000
   2   --     1.706233       2.000000
   3   --     3.631629       2.000000
   4   --     3.631633       2.000000
#k =   5, k = (  0.000000, -0.166667,  0.000000)
   1   --    -7.389975       2.000000
   2   --     1.706234       2.000000
   3   --     3.631630       2.000000
   4   --     3.631631       2.000000
#k =   6, k = (  0.000000,  0.000000,  0.166667)
   1   --    -7.389975       2.000000
   2   --     1.706232       2.000000
   3   --     3.631631       2.000000
   4   --     3.631633       2.000000
#k =   7, k = (  0.000000,  0.000000, -0.166667)
   1   --    -7.389975       2.000000
   2   --     1.706232       2.000000
   3   --     3.631631       2.000000
   4   --     3.631633       2.000000
#k =   8, k = (  0.166667,  0.166667,  0.000000)
   1   --    -7.269237       2.000000
   2   --     2.012637       2.000000
   3   --     2.908815       2.000000
   4   --     2.908819       2.000000
#k =   9, k = ( -0.166667,  0.166667,  0.000000)
   1   --    -6.812961       2.000000
   2   --     0.371891       2.000000
   3   --     1.716075       2.000000
   4   --     3.517226       2.000000
#k =  10, k = (  0.166667, -0.166667,  0.000000)
   1   --    -6.812961       2.000000
   2   --     0.371891       2.000000
   3   --     1.716075       2.000000
   4   --     3.517226       2.000000
#k =  11, k = (  0.166667,  0.000000,  0.166667)
   1   --    -7.269237       2.000000
   2   --     2.012638       2.000000
   3   --     2.908815       2.000000
   4   --     2.908819       2.000000
#k =  12, k = ( -0.166667,  0.000000,  0.166667)
   1   --    -6.812961       2.000000
   2   --     0.371890       2.000000
   3   --     1.716073       2.000000
   4   --     3.517229       2.000000
#k =  13, k = ( -0.166667, -0.166667,  0.000000)
   1   --    -7.269237       2.000000
   2   --     2.012637       2.000000
   3   --     2.908815       2.000000
   4   --     2.908819       2.000000
#k =  14, k = (  0.000000,  0.166667,  0.166667)
   1   --    -7.269237       2.000000
   2   --     2.012638       2.000000
   3   --     2.908814       2.000000
   4   --     2.908819       2.000000
#k =  15, k = (  0.000000, -0.166667,  0.166667)
   1   --    -6.812961       2.000000
   2   --     0.371890       2.000000
   3   --     1.716074       2.000000
   4   --     3.517227       2.000000
#k =  16, k = (  0.166667,  0.000000, -0.166667)
   1   --    -6.812961       2.000000
   2   --     0.371890       2.000000
   3   --     1.716073       2.000000
   4   --     3.517229       2.000000
#k =  17, k = ( -0.166667,  0.000000, -0.166667)
   1   --    -7.269237       2.000000
   2   --     2.012638       2.000000
   3   --     2.908815       2.000000
   4   --     2.908819       2.000000
#k =  18, k = (  0.000000,  0.166667, -0.166667)
   1   --    -6.812961       2.000000
   2   --     0.371890       2.000000
   3   --     1.716074       2.000000
   4   --     3.517227       2.000000
#k =  19, k = (  0.000000, -0.166667, -0.166667)
   1   --    -7.269237       2.000000
   2   --     2.012638       2.000000
   3   --     2.908814       2.000000
   4   --     2.908819       2.000000
#k =  20, k = (  0.166667,  0.166667,  0.166667)
   1   --    -7.389976       2.000000
   2   --     1.706229       2.000000
   3   --     3.631626       2.000000
   4   --     3.631630       2.000000
#k =  21, k = ( -0.166667,  0.166667,  0.166667)
   1   --    -6.469648       2.000000
   2   --    -0.333656       2.000000
   3   --     2.111947       2.000000
   4   --     2.366750       2.000000
#k =  22, k = (  0.166667, -0.166667,  0.166667)
   1   --    -6.469648       2.000000
   2   --    -0.333655       2.000000
   3   --     2.111948       2.000000
   4   --     2.366749       2.000000
#k =  23, k = ( -0.166667, -0.166667,  0.166667)
   1   --    -6.469648       2.000000
   2   --    -0.333657       2.000000
   3   --     2.111947       2.000000
   4   --     2.366752       2.000000
#k =  24, k = (  0.166667,  0.166667, -0.166667)
   1   --    -6.469648       2.000000
   2   --    -0.333657       2.000000
   3   --     2.111947       2.000000
   4   --     2.366752       2.000000
#k =  25, k = ( -0.166667,  0.166667, -0.166667)
   1   --    -6.469648       2.000000
   2   --    -0.333655       2.000000
   3   --     2.111948       2.000000
   4   --     2.366749       2.000000
#k =  26, k = (  0.166667, -0.166667, -0.166667)
   1   --    -6.469648       2.000000
   2   --    -0.333656       2.000000
   3   --     2.111947       2.000000
   4   --     2.366750       2.000000
#k =  27, k = ( -0.166667, -0.166667, -0.166667)
   1   --    -7.389976       2.000000
   2   --     1.706229       2.000000
   3   --     3.631626       2.000000
   4   --     3.631630       2.000000
#k =  28, k = (  0.333333,  0.000000,  0.000000)
   1   --    -6.395037       2.000000
   2   --    -1.199229       2.000000
   3   --     3.092506       2.000000
   4   --     3.092510       2.000000
#k =  29, k = ( -0.333333,  0.000000,  0.000000)
   1   --    -6.395037       2.000000
   2   --    -1.199229       2.000000
   3   --     3.092506       2.000000
   4   --     3.092510       2.000000
#k =  30, k = (  0.000000,  0.333333,  0.000000)
   1   --    -6.395038       2.000000
   2   --    -1.199228       2.000000
   3   --     3.092506       2.000000
   4   --     3.092509       2.000000
#k =  31, k = (  0.000000, -0.333333,  0.000000)
   1   --    -6.395038       2.000000
   2   --    -1.199228       2.000000
   3   --     3.092506       2.000000
   4   --     3.092509       2.000000
#k =  32, k = (  0.000000,  0.000000,  0.333333)
   1   --    -6.395037       2.000000
   2   --    -1.199231       2.000000
   3   --     3.092507       2.000000
   4   --     3.092512       2.000000
#k =  33, k = (  0.000000,  0.000000, -0.333333)
   1   --    -6.395037       2.000000
   2   --    -1.199231       2.000000
   3   --     3.092507       2.000000
   4   --     3.092512       2.000000
#k =  34, k = (  0.333333,  0.166667,  0.000000)
   1   --    -6.469648       2.000000
   2   --    -0.333656       2.000000
   3   --     2.111946       2.000000
   4   --     2.366745       2.000000
#k =  35, k = ( -0.333333,  0.166667,  0.000000)
   1   --    -5.681705       2.000000
   2   --    -1.869271       2.000000
   3   --     1.081141       2.000000
   4   --     2.802787       2.000000
#k =  36, k = (  0.166667,  0.333333,  0.000000)
   1   --    -6.469648       2.000000
   2   --    -0.333655       2.000000
   3   --     2.111945       2.000000
   4   --     2.366746       2.000000
#k =  37, k = ( -0.166667,  0.333333,  0.000000)
   1   --    -5.681705       2.000000
   2   --    -1.869270       2.000000
   3   --     1.081140       2.000000
   4   --     2.802787       2.000000
#k =  38, k = (  0.166667, -0.333333,  0.000000)
   1   --    -5.681705       2.000000
   2   --    -1.869270       2.000000
   3   --     1.081140       2.000000
   4   --     2.802787       2.000000
#k =  39, k = ( -0.166667, -0.333333,  0.000000)
   1   --    -6.469648       2.000000
   2   --    -0.333655       2.000000
   3   --     2.111945       2.000000
   4   --     2.366746       2.000000
#k =  40, k = (  0.333333, -0.166667,  0.000000)
   1   --    -5.681705       2.000000
   2   --    -1.869271       2.000000
   3   --     1.081141       2.000000
   4   --     2.802787       2.000000
#k =  41, k = (  0.333333,  0.000000,  0.166667)
   1   --    -6.469648       2.000000
   2   --    -0.333655       2.000000
   3   --     2.111943       2.000000
   4   --     2.366748       2.000000
#k =  42, k = ( -0.333333,  0.000000,  0.166667)
   1   --    -5.681705       2.000000
   2   --    -1.869272       2.000000
   3   --     1.081138       2.000000
   4   --     2.802790       2.000000
#k =  43, k = ( -0.333333, -0.166667,  0.000000)
   1   --    -6.469648       2.000000
   2   --    -0.333656       2.000000
   3   --     2.111946       2.000000
   4   --     2.366745       2.000000
#k =  44, k = (  0.000000,  0.333333,  0.166667)
   1   --    -6.469648       2.000000
   2   --    -0.333654       2.000000
   3   --     2.111944       2.000000
   4   --     2.366747       2.000000
#k =  45, k = (  0.000000, -0.333333,  0.166667)
   1   --    -5.681705       2.000000
   2   --    -1.869270       2.000000
   3   --     1.081139       2.000000
   4   --     2.802788       2.000000
#k =  46, k = (  0.166667,  0.000000,  0.333333)
   1   --    -6.469648       2.000000
   2   --    -0.333656       2.000000
   3   --     2.111944       2.000000
   4   --     2.366748       2.000000
#k =  47, k = ( -0.166667,  0.000000,  0.333333)
   1   --    -5.681704       2.000000
   2   --    -1.869273       2.000000
   3   --     1.081139       2.000000
   4   --     2.802790       2.000000
#k =  48, k = (  0.000000,  0.166667,  0.333333)
   1   --    -6.469648       2.000000
   2   --    -0.333657       2.000000
   3   --     2.111946       2.000000
   4   --     2.366746       2.000000
#k =  49, k = (  0.000000, -0.166667,  0.333333)
   1   --    -5.681704       2.000000
   2   --    -1.869273       2.000000
   3   --     1.081141       2.000000
   4   --     2.802788       2.000000
#k =  50, k = (  0.166667,  0.000000, -0.333333)
   1   --    -5.681704       2.000000
   2   --    -1.869273       2.000000
   3   --     1.081139       2.000000
   4   --     2.802790       2.000000
#k =  51, k = (  0.000000,  0.166667, -0.333333)
   1   --    -5.681704       2.000000
   2   --    -1.869273       2.000000
   3   --     1.081141       2.000000
   4   --     2.802788       2.000000
#k =  52, k = ( -0.166667,  0.000000, -0.333333)
   1   --    -6.469648       2.000000
   2   --    -0.333656       2.000000
   3   --     2.111944       2.000000
   4   --     2.366748       2.000000
#k =  53, k = (  0.000000, -0.166667, -0.333333)
   1   --    -6.469648       2.000000
   2   --    -0.333657       2.000000
   3   --     2.111946       2.000000
   4   --     2.366746       2.000000
#k =  54, k = (  0.333333,  0.000000, -0.166667)
   1   --    -5.681705       2.000000
   2   --    -1.869272       2.000000
   3   --     1.081138       2.000000
   4   --     2.802790       2.000000
#k =  55, k = ( -0.333333,  0.000000, -0.166667)
   1   --    -6.469648       2.000000
   2   --    -0.333655       2.000000
   3   --     2.111943       2.000000
   4   --     2.366748       2.000000
#k =  56, k = (  0.000000,  0.333333, -0.166667)
   1   --    -5.681705       2.000000
   2   --    -1.869270       2.000000
   3   --     1.081139       2.000000
   4   --     2.802788       2.000000
#k =  57, k = (  0.000000, -0.333333, -0.166667)
   1   --    -6.469648       2.000000
   2   --    -0.333654       2.000000
   3   --     2.111944       2.000000
   4   --     2.366747       2.000000
#k =  58, k = (  0.333333,  0.166667,  0.166667)
   1   --    -6.812962       2.000000
   2   --     0.371892       2.000000
   3   --     1.716063       2.000000
   4   --     3.517224       2.000000
#k =  59, k = ( -0.333333,  0.166667,  0.166667)
   1   --    -5.307236       2.000000
   2   --    -2.453650       2.000000
   3   --     1.341050       2.000000
   4   --     2.335596       2.000000
#k =  60, k = (  0.166667,  0.333333,  0.166667)
   1   --    -6.812962       2.000000
   2   --     0.371892       2.000000
   3   --     1.716064       2.000000
   4   --     3.517223       2.000000
#k =  61, k = ( -0.166667,  0.333333,  0.166667)
   1   --    -5.499669       2.000000
   2   --    -1.539031       2.000000
   3   --     0.583763       2.000000
   4   --     1.831518       2.000000
#k =  62, k = (  0.166667, -0.333333,  0.166667)
   1   --    -5.307237       2.000000
   2   --    -2.453648       2.000000
   3   --     1.341050       2.000000
   4   --     2.335595       2.000000
#k =  63, k = ( -0.166667, -0.333333,  0.166667)
   1   --    -5.499669       2.000000
   2   --    -1.539032       2.000000
   3   --     0.583762       2.000000
   4   --     1.831520       2.000000
#k =  64, k = (  0.333333, -0.166667,  0.166667)
   1   --    -5.499669       2.000000
   2   --    -1.539031       2.000000
   3   --     0.583763       2.000000
   4   --     1.831518       2.000000
#k =  65, k = ( -0.333333, -0.166667,  0.166667)
   1   --    -5.499669       2.000000
   2   --    -1.539033       2.000000
   3   --     0.583761       2.000000
   4   --     1.831521       2.000000
#k =  66, k = (  0.166667,  0.166667,  0.333333)
   1   --    -6.812962       2.000000
   2   --     0.371891       2.000000
   3   --     1.716063       2.000000
   4   --     3.517226       2.000000
#k =  67, k = ( -0.166667,  0.166667,  0.333333)
   1   --    -5.499669       2.000000
   2   --    -1.539033       2.000000
   3   --     0.583761       2.000000
   4   --     1.831521       2.000000
#k =  68, k = (  0.166667, -0.166667,  0.333333)
   1   --    -5.499669       2.000000
   2   --    -1.539032       2.000000
   3   --     0.583762       2.000000
   4   --     1.831520       2.000000
#k =  69, k = ( -0.166667, -0.166667,  0.333333)
   1   --    -5.307236       2.000000
   2   --    -2.453651       2.000000
   3   --     1.341049       2.000000
   4   --     2.335598       2.000000
#k =  70, k = (  0.166667,  0.166667, -0.333333)
   1   --    -5.307236       2.000000
   2   --    -2.453651       2.000000
   3   --     1.341049       2.000000
   4   --     2.335598       2.000000
#k =  71, k = ( -0.166667,  0.166667, -0.333333)
   1   --    -5.499669       2.000000
   2   --    -1.539032       2.000000
   3   --     0.583762       2.000000
   4   --     1.831520       2.000000
#k =  72, k = (  0.166667, -0.166667, -0.333333)
   1   --    -5.499669       2.000000
   2   --    -1.539033       2.000000
   3   --     0.583761       2.000000
   4   --     1.831521       2.000000
#k =  73, k = ( -0.166667, -0.166667, -0.333333)
   1   --    -6.812962       2.000000
   2   --     0.371891       2.000000
   3   --     1.716063       2.000000
   4   --     3.517226       2.000000
#k =  74, k = (  0.333333,  0.166667, -0.166667)
   1   --    -5.499669       2.000000
   2   --    -1.539033       2.000000
   3   --     0.583761       2.000000
   4   --     1.831521       2.000000
#k =  75, k = ( -0.333333,  0.166667, -0.166667)
   1   --    -5.499669       2.000000
   2   --    -1.539031       2.000000
   3   --     0.583763       2.000000
   4   --     1.831518       2.000000
#k =  76, k = (  0.166667,  0.333333, -0.166667)
   1   --    -5.499669       2.000000
   2   --    -1.539032       2.000000
   3   --     0.583762       2.000000
   4   --     1.831520       2.000000
#k =  77, k = ( -0.166667,  0.333333, -0.166667)
   1   --    -5.307237       2.000000
   2   --    -2.453648       2.000000
   3   --     1.341050       2.000000
   4   --     2.335595       2.000000
#k =  78, k = (  0.166667, -0.333333, -0.166667)
   1   --    -5.499669       2.000000
   2   --    -1.539031       2.000000
   3   --     0.583763       2.000000
   4   --     1.831518       2.000000
#k =  79, k = ( -0.166667, -0.333333, -0.166667)
   1   --    -6.812962       2.000000
   2   --     0.371892       2.000000
   3   --     1.716064       2.000000
   4   --     3.517223       2.000000
#k =  80, k = (  0.333333, -0.166667, -0.166667)
   1   --    -5.307236       2.000000
   2   --    -2.453650       2.000000
   3   --     1.341050       2.000000
   4   --     2.335596       2.000000
#k =  81, k = ( -0.333333, -0.166667, -0.166667)
   1   --    -6.812962       2.000000
   2   --     0.371892       2.000000
   3   --     1.716063       2.000000
   4   --     3.517224       2.000000
#k =  82, k = (  0.333333,  0.333333,  0.000000)
   1   --    -5.875388       2.000000
   2   --    -0.922136       2.000000
   3   --     1.709573       2.000000
   4   --     1.709578       2.000000
#k =  83, k = ( -0.333333,  0.333333,  0.000000)
   1   --    -4.549081       2.000000
   2   --    -2.644357       2.000000
   3   --    -0.236783       2.000000
   4   --     2.007761       2.000000
#k =  84, k = (  0.333333, -0.333333,  0.000000)
   1   --    -4.549081       2.000000
   2   --    -2.644357       2.000000
   3   --    -0.236783       2.000000
   4   --     2.007761       2.000000
#k =  85, k = ( -0.333333, -0.333333,  0.000000)
   1   --    -5.875388       2.000000
   2   --    -0.922136       2.000000
   3   --     1.709573       2.000000
   4   --     1.709578       2.000000
#k =  86, k = (  0.333333,  0.000000,  0.333333)
   1   --    -5.875388       2.000000
   2   --    -0.922136       2.000000
   3   --     1.709573       2.000000
   4   --     1.709578       2.000000
#k =  87, k = ( -0.333333,  0.000000,  0.333333)
   1   --    -4.549080       2.000000
   2   --    -2.644358       2.000000
   3   --    -0.236786       2.000000
   4   --     2.007764       2.000000
#k =  88, k = (  0.000000,  0.333333,  0.333333)
   1   --    -5.875388       2.000000
   2   --    -0.922136       2.000000
   3   --     1.709572       2.000000
   4   --     1.709578       2.000000
#k =  89, k = (  0.000000, -0.333333,  0.333333)
   1   --    -4.549080       2.000000
   2   --    -2.644358       2.000000
   3   --    -0.236784       2.000000
   4   --     2.007762       2.000000
#k =  90, k = (  0.333333,  0.000000, -0.333333)
   1   --    -4.549080       2.000000
   2   --    -2.644358       2.000000
   3   --    -0.236786       2.000000
   4   --     2.007764       2.000000
#k =  91, k = ( -0.333333,  0.000000, -0.333333)
   1   --    -5.875388       2.000000
   2   --    -0.922136       2.000000
   3   --     1.709573       2.000000
   4   --     1.709578       2.000000
#k =  92, k = (  0.000000,  0.333333, -0.333333)
   1   --    -4.549080       2.000000
   2   --    -2.644358       2.000000
   3   --    -0.236784       2.000000
   4   --     2.007762       2.000000
#k =  93, k = (  0.000000, -0.333333, -0.333333)
   1   --    -5.875388       2.000000
   2   --    -0.922136       2.000000
   3   --     1.709572       2.000000
   4   --     1.709578       2.000000
#k =  94, k = (  0.500000,  0.000000,  0.000000)
   1   --    -5.466923       2.000000
   2   --    -2.797894       2.000000
   3   --     2.897624       2.000000
   4   --     2.897629       2.000000
#k =  95, k = (  0.000000,  0.500000,  0.000000)
   1   --    -5.466924       2.000000
   2   --    -2.797892       2.000000
   3   --     2.897625       2.000000
   4   --     2.897628       2.000000
#k =  96, k = (  0.333333,  0.333333,  0.166667)
   1   --    -6.469649       2.000000
   2   --    -0.333657       2.000000
   3   --     2.111938       2.000000
   4   --     2.366748       2.000000
#k =  97, k = ( -0.333333,  0.333333,  0.166667)
   1   --    -4.539899       2.000000
   2   --    -2.710402       2.000000
   3   --     0.148834       2.000000
   4   --     1.377899       2.000000
#k =  98, k = (  0.333333, -0.333333,  0.166667)
   1   --    -4.539899       2.000000
   2   --    -2.710401       2.000000
   3   --     0.148835       2.000000
   4   --     1.377899       2.000000
#k =  99, k = ( -0.333333, -0.333333,  0.166667)
   1   --    -4.735642       2.000000
   2   --    -2.448643       2.000000
   3   --     0.525126       2.000000
   4   --     1.575333       2.000000
#k = 100, k = (  0.333333,  0.166667,  0.333333)
   1   --    -6.469649       2.000000
   2   --    -0.333658       2.000000
   3   --     2.111941       2.000000
   4   --     2.366745       2.000000
#k = 101, k = ( -0.333333,  0.166667,  0.333333)
   1   --    -4.539898       2.000000
   2   --    -2.710402       2.000000
   3   --     0.148831       2.000000
   4   --     1.377902       2.000000
#k = 102, k = (  0.166667,  0.333333,  0.333333)
   1   --    -6.469649       2.000000
   2   --    -0.333657       2.000000
   3   --     2.111940       2.000000
   4   --     2.366746       2.000000
#k = 103, k = ( -0.166667,  0.333333,  0.333333)
   1   --    -4.735642       2.000000
   2   --    -2.448642       2.000000
   3   --     0.525127       2.000000
   4   --     1.575331       2.000000
#k = 104, k = (  0.166667, -0.333333,  0.333333)
   1   --    -4.539899       2.000000
   2   --    -2.710401       2.000000
   3   --     0.148833       2.000000
   4   --     1.377900       2.000000
#k = 105, k = ( -0.166667, -0.333333,  0.333333)
   1   --    -4.539898       2.000000
   2   --    -2.710403       2.000000
   3   --     0.148833       2.000000
   4   --     1.377901       2.000000
#k = 106, k = (  0.000000,  0.000000,  0.500000)
   1   --    -5.466922       2.000000
   2   --    -2.797896       2.000000
   3   --     2.897625       2.000000
   4   --     2.897630       2.000000
#k = 107, k = (  0.333333, -0.166667,  0.333333)
   1   --    -4.735643       2.000000
   2   --    -2.448641       2.000000
   3   --     0.525128       2.000000
   4   --     1.575330       2.000000
#k = 108, k = ( -0.333333, -0.166667,  0.333333)
   1   --    -4.539898       2.000000
   2   --    -2.710403       2.000000
   3   --     0.148832       2.000000
   4   --     1.377903       2.000000
#k = 109, k = (  0.333333,  0.166667, -0.333333)
   1   --    -4.539898       2.000000
   2   --    -2.710403       2.000000
   3   --     0.148832       2.000000
   4   --     1.377903       2.000000
#k = 110, k = ( -0.333333,  0.166667, -0.333333)
   1   --    -4.735643       2.000000
   2   --    -2.448641       2.000000
   3   --     0.525128       2.000000
   4   --     1.575330       2.000000
#k = 111, k = (  0.166667,  0.333333, -0.333333)
   1   --    -4.539898       2.000000
   2   --    -2.710403       2.000000
   3   --     0.148833       2.000000
   4   --     1.377901       2.000000
#k = 112, k = ( -0.166667,  0.333333, -0.333333)
   1   --    -4.539899       2.000000
   2   --    -2.710401       2.000000
   3   --     0.148833       2.000000
   4   --     1.377900       2.000000
#k = 113, k = (  0.166667, -0.333333, -0.333333)
   1   --    -4.735642       2.000000
   2   --    -2.448642       2.000000
   3   --     0.525127       2.000000
   4   --     1.575331       2.000000
#k = 114, k = ( -0.166667, -0.333333, -0.333333)
   1   --    -6.469649       2.000000
   2   --    -0.333657       2.000000
   3   --     2.111940       2.000000
   4   --     2.366746       2.000000
#k = 115, k = (  0.333333, -0.166667, -0.333333)
   1   --    -4.539898       2.000000
   2   --    -2.710402       2.000000
   3   --     0.148831       2.000000
   4   --     1.377902       2.000000
#k = 116, k = ( -0.333333, -0.166667, -0.333333)
   1   --    -6.469649       2.000000
   2   --    -0.333658       2.000000
   3   --     2.111941       2.000000
   4   --     2.366745       2.000000
#k = 117, k = (  0.333333,  0.333333, -0.166667)
   1   --    -4.735642       2.000000
   2   --    -2.448643       2.000000
   3   --     0.525126       2.000000
   4   --     1.575333       2.000000
#k = 118, k = ( -0.333333,  0.333333, -0.166667)
   1   --    -4.539899       2.000000
   2   --    -2.710401       2.000000
   3   --     0.148835       2.000000
   4   --     1.377899       2.000000
#k = 119, k = (  0.333333, -0.333333, -0.166667)
   1   --    -4.539899       2.000000
   2   --    -2.710402       2.000000
   3   --     0.148834       2.000000
   4   --     1.377899       2.000000
#k = 120, k = ( -0.333333, -0.333333, -0.166667)
   1   --    -6.469649       2.000000
   2   --    -0.333657       2.000000
   3   --     2.111938       2.000000
   4   --     2.366748       2.000000
#k = 121, k = (  0.500000,  0.166667,  0.000000)
   1   --    -5.307236       2.000000
   2   --    -2.453650       2.000000
   3   --     1.341053       2.000000
   4   --     2.335592       2.000000
#k = 122, k = (  0.166667,  0.500000,  0.000000)
   1   --    -5.307237       2.000000
   2   --    -2.453648       2.000000
   3   --     1.341053       2.000000
   4   --     2.335592       2.000000
#k = 123, k = ( -0.166667,  0.500000,  0.000000)
   1   --    -5.307237       2.000000
   2   --    -2.453648       2.000000
   3   --     1.341053       2.000000
   4   --     2.335592       2.000000
#k = 124, k = (  0.500000, -0.166667,  0.000000)
   1   --    -5.307236       2.000000
   2   --    -2.453650       2.000000
   3   --     1.341053       2.000000
   4   --     2.335592       2.000000
#k = 125, k = (  0.500000,  0.000000,  0.166667)
   1   --    -5.307236       2.000000
   2   --    -2.453649       2.000000
   3   --     1.341050       2.000000
   4   --     2.335595       2.000000
#k = 126, k = (  0.000000,  0.500000,  0.166667)
   1   --    -5.307237       2.000000
   2   --    -2.453648       2.000000
   3   --     1.341051       2.000000
   4   --     2.335593       2.000000
#k = 127, k = (  0.166667,  0.000000,  0.500000)
   1   --    -5.307236       2.000000
   2   --    -2.453651       2.000000
   3   --     1.341052       2.000000
   4   --     2.335595       2.000000
#k = 128, k = ( -0.166667,  0.000000,  0.500000)
   1   --    -5.307236       2.000000
   2   --    -2.453651       2.000000
   3   --     1.341052       2.000000
   4   --     2.335595       2.000000
#k = 129, k = (  0.000000,  0.166667,  0.500000)
   1   --    -5.307236       2.000000
   2   --    -2.453652       2.000000
   3   --     1.341053       2.000000
   4   --     2.335593       2.000000
#k = 130, k = (  0.000000, -0.166667,  0.500000)
   1   --    -5.307236       2.000000
   2   --    -2.453652       2.000000
   3   --     1.341053       2.000000
   4   --     2.335593       2.000000
#k = 131, k = (  0.500000,  0.000000, -0.166667)
   1   --    -5.307236       2.000000
   2   --    -2.453649       2.000000
   3   --     1.341050       2.000000
   4   --     2.335595       2.000000
#k = 132, k = (  0.000000,  0.500000, -0.166667)
   1   --    -5.307237       2.000000
   2   --    -2.453648       2.000000
   3   --     1.341051       2.000000
   4   --     2.335593       2.000000
#k = 133, k = (  0.500000,  0.166667,  0.166667)
   1   --    -5.681706       2.000000
   2   --    -1.869270       2.000000
   3   --     1.081132       2.000000
   4   --     2.802789       2.000000
#k = 134, k = (  0.166667,  0.500000,  0.166667)
   1   --    -5.681706       2.000000
   2   --    -1.869269       2.000000
   3   --     1.081132       2.000000
   4   --     2.802788       2.000000
#k = 135, k = ( -0.166667,  0.500000,  0.166667)
   1   --    -4.539898       2.000000
   2   --    -2.710402       2.000000
   3   --     0.148837       2.000000
   4   --     1.377898       2.000000
#k = 136, k = (  0.500000, -0.166667,  0.166667)
   1   --    -4.539897       2.000000
   2   --    -2.710403       2.000000
   3   --     0.148837       2.000000
   4   --     1.377899       2.000000
#k = 137, k = (  0.166667,  0.166667,  0.500000)
   1   --    -5.681705       2.000000
   2   --    -1.869272       2.000000
   3   --     1.081132       2.000000
   4   --     2.802791       2.000000
#k = 138, k = ( -0.166667,  0.166667,  0.500000)
   1   --    -4.539897       2.000000
   2   --    -2.710405       2.000000
   3   --     0.148837       2.000000
   4   --     1.377899       2.000000
#k = 139, k = (  0.166667, -0.166667,  0.500000)
   1   --    -4.539897       2.000000
   2   --    -2.710405       2.000000
   3   --     0.148837       2.000000
   4   --     1.377899       2.000000
#k = 140, k = ( -0.166667, -0.166667,  0.500000)
   1   --    -5.681705       2.000000
   2   --    -1.869272       2.000000
   3   --     1.081132       2.000000
   4   --     2.802791       2.000000
#k = 141, k = (  0.500000,  0.166667, -0.166667)
   1   --    -4.539897       2.000000
   2   --    -2.710403       2.000000
   3   --     0.148837       2.000000
   4   --     1.377899       2.000000
#k = 142, k = (  0.166667,  0.500000, -0.166667)
   1   --    -4.539898       2.000000
   2   --    -2.710402       2.000000
   3   --     0.148837       2.000000
   4   --     1.377898       2.000000
#k = 143, k = ( -0.166667,  0.500000, -0.166667)
   1   --    -5.681706       2.000000
   2   --    -1.869269       2.000000
   3   --     1.081132       2.000000
   4   --     2.802788       2.000000
#k = 144, k = (  0.500000, -0.166667, -0.166667)
   1   --    -5.681706       2.000000
   2   --    -1.869270       2.000000
   3   --     1.081132       2.000000
   4   --     2.802789       2.000000
#k = 145, k = (  0.333333,  0.333333,  0.333333)
   1   --    -6.395039       2.000000
   2   --    -1.199233       2.000000
   3   --     3.092501       2.000000
   4   --     3.092505       2.000000
#k = 146, k = ( -0.333333,  0.333333,  0.333333)
   1   --    -4.549084       2.000000
   2   --    -2.644354       2.000000
   3   --    -0.236791       2.000000
   4   --     2.007763       2.000000
#k = 147, k = (  0.333333, -0.333333,  0.333333)
   1   --    -4.549084       2.000000
   2   --    -2.644353       2.000000
   3   --    -0.236789       2.000000
   4   --     2.007762       2.000000
#k = 148, k = ( -0.333333, -0.333333,  0.333333)
   1   --    -4.549083       2.000000
   2   --    -2.644355       2.000000
   3   --    -0.236792       2.000000
   4   --     2.007765       2.000000
#k = 149, k = (  0.333333,  0.333333, -0.333333)
   1   --    -4.549083       2.000000
   2   --    -2.644355       2.000000
   3   --    -0.236792       2.000000
   4   --     2.007765       2.000000
#k = 150, k = ( -0.333333,  0.333333, -0.333333)
   1   --    -4.549084       2.000000
   2   --    -2.644353       2.000000
   3   --    -0.236789       2.000000
   4   --     2.007762       2.000000
#k = 151, k = (  0.333333, -0.333333, -0.333333)
   1   --    -4.549084       2.000000
   2   --    -2.644354       2.000000
   3   --    -0.236791       2.000000
   4   --     2.007763       2.000000
#k = 152, k = ( -0.333333, -0.333333, -0.333333)
   1   --    -6.395039       2.000000
   2   --    -1.199233       2.000000
   3   --     3.092501       2.000000
   4   --     3.092505       2.000000
#k = 153, k = (  0.500000,  0.333333,  0.000000)
   1   --    -4.735642       2.000000
   2   --    -2.448642       2.000000
   3   --     0.525130       2.000000
   4   --     1.575327       2.000000
#k = 154, k = (  0.333333,  0.500000,  0.000000)
   1   --    -4.735643       2.000000
   2   --    -2.448641       2.000000
   3   --     0.525129       2.000000
   4   --     1.575328       2.000000
#k = 155, k = ( -0.333333,  0.500000,  0.000000)
   1   --    -4.735643       2.000000
   2   --    -2.448641       2.000000
   3   --     0.525129       2.000000
   4   --     1.575328       2.000000
#k = 156, k = (  0.500000, -0.333333,  0.000000)
   1   --    -4.735642       2.000000
   2   --    -2.448642       2.000000
   3   --     0.525130       2.000000
   4   --     1.575327       2.000000
#k = 157, k = (  0.500000,  0.000000,  0.333333)
   1   --    -4.735642       2.000000
   2   --    -2.448641       2.000000
   3   --     0.525127       2.000000
   4   --     1.575330       2.000000
#k = 158, k = (  0.000000,  0.500000,  0.333333)
   1   --    -4.735643       2.000000
   2   --    -2.448641       2.000000
   3   --     0.525128       2.000000
   4   --     1.575328       2.000000
#k = 159, k = (  0.333333,  0.000000,  0.500000)
   1   --    -4.735642       2.000000
   2   --    -2.448642       2.000000
   3   --     0.525127       2.000000
   4   --     1.575330       2.000000
#k = 160, k = ( -0.333333,  0.000000,  0.500000)
   1   --    -4.735642       2.000000
   2   --    -2.448642       2.000000
   3   --     0.525127       2.000000
   4   --     1.575330       2.000000
#k = 161, k = (  0.000000,  0.333333,  0.500000)
   1   --    -4.735642       2.000000
   2   --    -2.448643       2.000000
   3   --     0.525129       2.000000
   4   --     1.575328       2.000000
#k = 162, k = (  0.000000, -0.333333,  0.500000)
   1   --    -4.735642       2.000000
   2   --    -2.448643       2.000000
   3   --     0.525129       2.000000
   4   --     1.575328       2.000000
#k = 163, k = (  0.500000,  0.000000, -0.333333)
   1   --    -4.735642       2.000000
   2   --    -2.448641       2.000000
   3   --     0.525127       2.000000
   4   --     1.575330       2.000000
#k = 164, k = (  0.000000,  0.500000, -0.333333)
   1   --    -4.735643       2.000000
   2   --    -2.448641       2.000000
   3   --     0.525128       2.000000
   4   --     1.575328       2.000000
#k = 165, k = (  0.500000,  0.333333,  0.166667)
   1   --    -5.499670       2.000000
   2   --    -1.539030       2.000000
   3   --     0.583753       2.000000
   4   --     1.831521       2.000000
#k = 166, k = (  0.333333,  0.500000,  0.166667)
   1   --    -5.499671       2.000000
   2   --    -1.539029       2.000000
   3   --     0.583754       2.000000
   4   --     1.831520       2.000000
#k = 167, k = ( -0.333333,  0.500000,  0.166667)
   1   --    -3.564198       2.000000
   2   --    -3.564194       2.000000
   3   --     0.514607       2.000000
   4   --     0.514615       2.000000
#k = 168, k = (  0.500000, -0.333333,  0.166667)
   1   --    -3.564198       2.000000
   2   --    -3.564194       2.000000
   3   --     0.514608       2.000000
   4   --     0.514614       2.000000
#k = 169, k = (  0.500000,  0.166667,  0.333333)
   1   --    -5.499670       2.000000
   2   --    -1.539030       2.000000
   3   --     0.583753       2.000000
   4   --     1.831521       2.000000
#k = 170, k = (  0.166667,  0.500000,  0.333333)
   1   --    -5.499671       2.000000
   2   --    -1.539029       2.000000
   3   --     0.583754       2.000000
   4   --     1.831519       2.000000
#k = 171, k = ( -0.166667,  0.500000,  0.333333)
   1   --    -3.564198       2.000000
   2   --    -3.564193       2.000000
   3   --     0.514607       2.000000
   4   --     0.514615       2.000000
#k = 172, k = (  0.500000, -0.166667,  0.333333)
   1   --    -3.564199       2.000000
   2   --    -3.564193       2.000000
   3   --     0.514607       2.000000
   4   --     0.514615       2.000000
#k = 173, k = (  0.333333,  0.166667,  0.500000)
   1   --    -5.499670       2.000000
   2   --    -1.539031       2.000000
   3   --     0.583753       2.000000
   4   --     1.831522       2.000000
#k = 174, k = ( -0.333333,  0.166667,  0.500000)
   1   --    -3.564199       2.000000
   2   --    -3.564193       2.000000
   3   --     0.514608       2.000000
   4   --     0.514614       2.000000
#k = 175, k = (  0.166667,  0.333333,  0.500000)
   1   --    -5.499670       2.000000
   2   --    -1.539031       2.000000
   3   --     0.583752       2.000000
   4   --     1.831522       2.000000
#k = 176, k = ( -0.166667,  0.333333,  0.500000)
   1   --    -3.564199       2.000000
   2   --    -3.564193       2.000000
   3   --     0.514608       2.000000
   4   --     0.514614       2.000000
#k = 177, k = (  0.166667, -0.333333,  0.500000)
   1   --    -3.564199       2.000000
   2   --    -3.564193       2.000000
   3   --     0.514608       2.000000
   4   --     0.514614       2.000000
#k = 178, k = ( -0.166667, -0.333333,  0.500000)
   1   --    -5.499670       2.000000
   2   --    -1.539031       2.000000
   3   --     0.583752       2.000000
   4   --     1.831522       2.000000
#k = 179, k = (  0.333333, -0.166667,  0.500000)
   1   --    -3.564199       2.000000
   2   --    -3.564193       2.000000
   3   --     0.514608       2.000000
   4   --     0.514614       2.000000
#k = 180, k = ( -0.333333, -0.166667,  0.500000)
   1   --    -5.499670       2.000000
   2   --    -1.539031       2.000000
   3   --     0.583753       2.000000
   4   --     1.831522       2.000000
#k = 181, k = (  0.500000,  0.166667, -0.333333)
   1   --    -3.564199       2.000000
   2   --    -3.564193       2.000000
   3   --     0.514607       2.000000
   4   --     0.514615       2.000000
#k = 182, k = (  0.166667,  0.500000, -0.333333)
   1   --    -3.564198       2.000000
   2   --    -3.564193       2.000000
   3   --     0.514607       2.000000
   4   --     0.514615       2.000000
#k = 183, k = ( -0.166667,  0.500000, -0.333333)
   1   --    -5.499671       2.000000
   2   --    -1.539029       2.000000
   3   --     0.583754       2.000000
   4   --     1.831519       2.000000
#k = 184, k = (  0.500000, -0.166667, -0.333333)
   1   --    -5.499670       2.000000
   2   --    -1.539030       2.000000
   3   --     0.583753       2.000000
   4   --     1.831521       2.000000
#k = 185, k = (  0.500000,  0.333333, -0.166667)
   1   --    -3.564198       2.000000
   2   --    -3.564194       2.000000
   3   --     0.514608       2.000000
   4   --     0.514614       2.000000
#k = 186, k = (  0.333333,  0.500000, -0.166667)
   1   --    -3.564198       2.000000
   2   --    -3.564194       2.000000
   3   --     0.514607       2.000000
   4   --     0.514615       2.000000
#k = 187, k = ( -0.333333,  0.500000, -0.166667)
   1   --    -5.499671       2.000000
   2   --    -1.539029       2.000000
   3   --     0.583754       2.000000
   4   --     1.831520       2.000000
#k = 188, k = (  0.500000, -0.333333, -0.166667)
   1   --    -5.499670       2.000000
   2   --    -1.539030       2.000000
   3   --     0.583753       2.000000
   4   --     1.831521       2.000000
#k = 189, k = (  0.500000,  0.333333,  0.333333)
   1   --    -5.681707       2.000000
   2   --    -1.869272       2.000000
   3   --     1.081133       2.000000
   4   --     2.802785       2.000000
#k = 190, k = (  0.333333,  0.500000,  0.333333)
   1   --    -5.681708       2.000000
   2   --    -1.869272       2.000000
   3   --     1.081134       2.000000
   4   --     2.802784       2.000000
#k = 191, k = ( -0.333333,  0.500000,  0.333333)
   1   --    -4.539902       2.000000
   2   --    -2.710399       2.000000
   3   --     0.148827       2.000000
   4   --     1.377902       2.000000
#k = 192, k = (  0.500000, -0.333333,  0.333333)
   1   --    -4.539902       2.000000
   2   --    -2.710399       2.000000
   3   --     0.148829       2.000000
   4   --     1.377901       2.000000
#k = 193, k = (  0.333333,  0.333333,  0.500000)
   1   --    -5.681707       2.000000
   2   --    -1.869272       2.000000
   3   --     1.081131       2.000000
   4   --     2.802787       2.000000
#k = 194, k = ( -0.333333,  0.333333,  0.500000)
   1   --    -4.539902       2.000000
   2   --    -2.710399       2.000000
   3   --     0.148830       2.000000
   4   --     1.377899       2.000000
#k = 195, k = (  0.333333, -0.333333,  0.500000)
   1   --    -4.539902       2.000000
   2   --    -2.710399       2.000000
   3   --     0.148830       2.000000
   4   --     1.377899       2.000000
#k = 196, k = ( -0.333333, -0.333333,  0.500000)
   1   --    -5.681707       2.000000
   2   --    -1.869272       2.000000
   3   --     1.081131       2.000000
   4   --     2.802787       2.000000
#k = 197, k = (  0.500000,  0.333333, -0.333333)
   1   --    -4.539902       2.000000
   2   --    -2.710399       2.000000
   3   --     0.148829       2.000000
   4   --     1.377901       2.000000
#k = 198, k = (  0.333333,  0.500000, -0.333333)
   1   --    -4.539902       2.000000
   2   --    -2.710399       2.000000
   3   --     0.148827       2.000000
   4   --     1.377902       2.000000
#k = 199, k = ( -0.333333,  0.500000, -0.333333)
   1   --    -5.681708       2.000000
   2   --    -1.869272       2.000000
   3   --     1.081134       2.000000
   4   --     2.802784       2.000000
#k = 200, k = (  0.500000, -0.333333, -0.333333)
   1   --    -5.681707       2.000000
   2   --    -1.869272       2.000000
   3   --     1.081133       2.000000
   4   --     2.802785       2.000000
#k = 201, k = (  0.500000,  0.500000,  0.000000)
   1   --    -3.677258       2.000000
   2   --    -3.677253       2.000000
   3   --     1.283320       2.000000
   4   --     1.283324       2.000000
#k = 202, k = (  0.500000,  0.000000,  0.500000)
   1   --    -3.677259       2.000000
   2   --    -3.677252       2.000000
   3   --     1.283320       2.000000
   4   --     1.283324       2.000000
#k = 203, k = (  0.000000,  0.500000,  0.500000)
   1   --    -3.677258       2.000000
   2   --    -3.677252       2.000000
   3   --     1.283319       2.000000
   4   --     1.283324       2.000000
#k = 204, k = (  0.500000,  0.500000,  0.166667)
   1   --    -4.735644       2.000000
   2   --    -2.448640       2.000000
   3   --     0.525122       2.000000
   4   --     1.575331       2.000000
#k = 205, k = (  0.500000,  0.166667,  0.500000)
   1   --    -4.735644       2.000000
   2   --    -2.448641       2.000000
   3   --     0.525125       2.000000
   4   --     1.575329       2.000000
#k = 206, k = (  0.166667,  0.500000,  0.500000)
   1   --    -4.735644       2.000000
   2   --    -2.448640       2.000000
   3   --     0.525123       2.000000
   4   --     1.575329       2.000000
#k = 207, k = ( -0.166667,  0.500000,  0.500000)
   1   --    -4.735644       2.000000
   2   --    -2.448640       2.000000
   3   --     0.525123       2.000000
   4   --     1.575329       2.000000
#k = 208, k = (  0.500000, -0.166667,  0.500000)
   1   --    -4.735644       2.000000
   2   --    -2.448641       2.000000
   3   --     0.525125       2.000000
   4   --     1.575329       2.000000
#k = 209, k = (  0.500000,  0.500000, -0.166667)
   1   --    -4.735644       2.000000
   2   --    -2.448640       2.000000
   3   --     0.525122       2.000000
   4   --     1.575331       2.000000
#k = 210, k = (  0.500000,  0.500000,  0.333333)
   1   --    -5.307240       2.000000
   2   --    -2.453649       2.000000
   3   --     1.341045       2.000000
   4   --     2.335593       2.000000
#k = 211, k = (  0.500000,  0.333333,  0.500000)
   1   --    -5.307240       2.000000
   2   --    -2.453650       2.000000
   3   --     1.341048       2.000000
   4   --     2.335590       2.000000
#k = 212, k = (  0.333333,  0.500000,  0.500000)
   1   --    -5.307240       2.000000
   2   --    -2.453650       2.000000
   3   --     1.341047       2.000000
   4   --     2.335591       2.000000
#k = 213, k = ( -0.333333,  0.500000,  0.500000)
   1   --    -5.307240       2.000000
   2   --    -2.453650       2.000000
   3   --     1.341047       2.000000
   4   --     2.335591       2.000000
#k = 214, k = (  0.500000, -0.333333,  0.500000)
   1   --    -5.307240       2.000000
   2   --    -2.453650       2.000000
   3   --     1.341048       2.000000
   4   --     2.335590       2.000000
#k = 215, k = (  0.500000,  0.500000, -0.333333)
   1   --    -5.307240       2.000000
   2   --    -2.453649       2.000000
   3   --     1.341045       2.000000
   4   --     2.335593       2.000000
#k = 216, k = (  0.500000,  0.500000,  0.500000)
   1   --    -5.466927       2.000000
   2   --    -2.797895       2.000000
   3   --     2.897618       2.000000
   4   --     2.897622       2.000000

Energy [eV]:
      Total       =      -214.53476931
      Free        =      -214.53476931
      -----------
      Ion-ion     =      -211.45179516
      Eigenvalues =        -7.40955036
      Hartree     =        15.29659409
      Int[n*v_xc] =       -84.87213403
      Exchange    =       -57.06627687
      Correlation =        -8.18268687
      vanderWaals =         0.00000000
      Delta XC    =         0.00000000
      Entropy     =         0.00000000
      -TS         =        -0.00000000
      Kinetic     =        83.36891204
      External    =       -36.49957551
      Non-local   =        49.87625705

Convergence:
      abs_dens =  1.88478876E-05 ( 0.00000000E+00)
      rel_dens =  2.35598595E-06 ( 1.00000000E-05)
      abs_ev =  4.78053942E-07 ( 0.00000000E+00) [eV]
      rel_ev =  1.75564085E-06 ( 0.00000000E+00)

Forces on the ions [eV/A]
 Ion                        x              y              z
   1        Si       0.000019       0.000018       0.000012
   2        Si      -0.000037      -0.000017      -0.000012
 ----------------------------------------------------------
 Max abs force       0.000037       0.000018       0.000012
   Total force      -0.000018       0.000000       0.000000
  Total torque      -0.000001       0.000022      -0.000029
